m23r q mu C M L tau deg t 4.104076581512609 5.104076581512609 1.3003307431474953 -2.722890642820573 4.537964026899708 1.4225598996730775 1.4999999999999993 0.7029580970402813
ACTIVE 0 0.49273465492487045 [1, -49] [2, 0, 1, 3]
ACTIVE 1 0.49757255555870433 [1, -25] [0, 2, 1, 4]
ACTIVE 2 0.4848319960091788 [1, 0] [2, 2, 0, 0]
ACTIVE 43 4.696440280831054e-05 [38553, -19202708, 1088493350, -17941472500, 90075015625] [8, 6, 2, 16]
ACTIVE 99 0.0001264644046639451 [463, -2770460, 172374650, -2731137500, 12867859375] [7, 6, 2, 15]
ACTIVE 105 0.00016199384291284787 [1579, 4041716, -242861150, 3823592500, -18015003125] [8, 5, 1, 16]
ACTIVE 124 0.00012631843408405797 [11, -38729, 834225, -4501875] [4, 4, 1, 12]
ACTIVE 144 0.0008786193758557746 [16201, -64316693, 6078999290, -194217490250, 2344523978125, -9457876640625] [9, 7, 2, 20]
ACTIVE 148 7.399512137376632e-05 [3723, -14434700, 867361250, -13655687500, 64339296875] [7, 7, 0, 16]
ACTIVE 159 0.00010404631260775484 [154073, -706525365, 69673778650, -2292537826250, 27833179828125, -110341894140625] [10, 8, 2, 20]
ACTIVE 161 0.00021253579639652677 [13627, -789705, 11790625, -52521875] [5, 5, 1, 12]
ACTIVE 163 0.0007748517490043975 [4259, -19924359, 1880315710, -60526208750, 754056559375, -3152625546875] [9, 7, 1, 20]
ACTIVE 178 0.0007991093988072368 [8831, -33425731, 2301541270, -49661683750, 434933646875, -1351125234375] [8, 7, 2, 20]
ACTIVE 189 0.00023653247005822037 [11881, -45475525, 3256944250, -74061846250, 685673078125, -2251875390625] [8, 8, 2, 19]
ACTIVE 190 0.0006252080497860405 [31809, -138944253, 9336110826, -192597295450, 1574511273125, -4413675765625] [10, 6, 2, 20]
ACTIVE 195 0.00033393665073665836 [85343, -320906467, 22689947350, -517088363750, 4799711546875, -15763127734375] [9, 8, 3, 19]
ACTIVE 198 0.0002404683742913949 [21629, -86995629, 6252170386, -142667059850, 1329507230625, -4413675765625] [10, 6, 2, 18]
ACTIVE 199 0.00031124907753999655 [359787, -1983981727, 196332531150, -6510548598750, 80617138984375, -331025682421875] [10, 8, 3, 20]
ACTIVE 201 9.212595730712564e-05 [14179, -60400263, 4236862910, -96560416750, 918765159375, -3152625546875] [9, 7, 3, 20]
ACTIVE 202 3.843922135416611e-05 [43951, -94114083, 9117300150, -301286483750, 3770282796875, -15763127734375] [9, 8, 2, 19]
ACTIVE 208 6.725308404983909e-06 [162521, -717601717, 70580396250, -2311361666250, 27833179828125, -110341894140625] [10, 8, 2, 19]
s tau [0.         0.         0.         0.43328567] [2.         2.         1.         3.56671433]
saved dual degree -9.114323737989828 arith [-8.64340878 -5.85226565 -2.35695712 -3.53787629]
